training,18,0,922712403,60
training,47,4.917742989396734,922712463,60
training,79,19.337334922683745,922712523,60
training,37,40.65848010137987,922712583,60
training,27,44.484055947015385,922712643,60
training,9,41.35185067629682,922712703,60
training,19,30.918639835798473,922712763,60
training,25,24.63199719747679,922712823,60
normal,5,22.56248897917152,922712883,60
normal,8,16.347994855771155,922712943,60
normal,23,12.757266693469322,922713003,60
higher,41,15.017421725667775,922713063,60
normal,24,23.189960289750807,922713123,60
normal,5,25.141593253254527,922713183,60
higher,41,19.997209232339053,922713243,60
normal,11,25.710072860901278,922713303,60
normal,25,21.67717612870917,922713363,60
normal,8,22.22434762573149,922713423,60
normal,15,17.757927355400856,922713483,60
higher,33,16.107970028048744,922713543,60
higher,55,20.706094782651633,922713603,60
normal,13,31.979232644693198,922713663,60
normal,15,28.599794042757292,922713723,60
normal,12,24.715548596269734,922713783,60
normal,19,19.83036035464145,922713843,60
normal,15,18.120249875978946,922713903,60
normal,13,16.400095455069113,922713963,60
normal,13,15.01634021503253,922714023,60
normal,11,14.17814596161578,922714083,60
normal,6,13.003799393883824,922714143,60
normal,6,10.567706092431543,922714203,60
normal,5,8.633078708112038,922714263,60
higher,21,6.99504385995848,922714323,60
normal,13,10.882848887102046,922714383,60
higher,27,12.164735229738723,922714443,60
higher,35,17.30087625872556,922714503,60
normal,12,23.8513745765063,922714563,60
normal,23,21.724600370064728,922714623,60
normal,23,22.16768117066473,922714683,60
normal,27,22.28280327556656,922714743,60
normal,21,23.63474799626644,922714803,60
normal,13,23.067754290188113,922714863,60
normal,15,20.00136599495452,922714923,60
higher,41,17.88307224255933,922714983,60
normal,42,24.359334259670707,922715043,60
normal,19,30.795302952288928,922715103,60
normal,22,28.863931855425545,922715163,60
higher,65,26.97934784908695,922715223,60
normal,51,38.153097234859445,922715283,60
normal,6,43.818388502131285,922715343,60
normal,13,33.97684391685535,922715403,60
normal,17,26.27345526190191,922715463,60
normal,11,21.17666946448766,922715523,60
normal,13,16.269119814920618,922715583,60
normal,17,14.042583305707792,922715643,60
higher,32,14.43153449901371,922715703,60
normal,19,19.920374955035022,922715763,60
normal,19,20.744375556919202,922715823,60
normal,23,20.79116499855407,922715883,60
normal,21,21.558332216556046,922715943,60
normal,25,21.427605794075674,922716003,60
normal,41,22.489005033726677,922716063,60
normal,12,28.383078120334517,922716123,60
normal,16,24.50362658729319,922716183,60
normal,21,21.616691470877978,922716243,60
normal,29,20.62275498376559,922716303,60
normal,27,22.676825813307758,922716363,60
normal,25,24.303065142206897,922716423,60
normal,20,25.0605645955738,922716483,60
normal,11,23.837968546849396,922716543,60
normal,31,19.685308618464212,922716603,60
normal,11,22.253633052845903,922716663,60
normal,12,18.90845247583647,922716723,60
normal,23,16.36152314315204,922716783,60
normal,25,17.803623530850093,922716843,60
normal,19,20.079916582614484,922716903,60
normal,27,20.274177052695432,922716963,60
normal,17,22.617493199414106,922717023,60
normal,27,21.34758341150775,922717083,60
normal,32,22.97047946187793,922717143,60
normal,12,25.930703381601624,922717203,60
normal,19,22.25738777563827,922717263,60
normal,9,20.820328167944496,922717323,60
normal,15,16.651447931140687,922717383,60
normal,15,15.191370955796781,922717443,60
normal,15,14.578055678988836,922717503,60
normal,15,14.53292847217814,922717563,60
normal,8,14.710425527412768,922717623,60
normal,15,12.722129353374196,922717683,60
normal,9,13.079904827064098,922717743,60
higher,29,11.730936611721226,922717803,60
higher,51,16.811671380642373,922717863,60
normal,21,28.213163395097,922717923,60
normal,16,28.46317103620475,922717983,60
normal,29,25.555299284557208,922718043,60
normal,15,26.084983224829607,922718103,60
normal,19,22.3069867938147,922718163,60
higher,39,20.501179081703427,922718223,60
normal,34,25.673122814937074,922718283,60
normal,22,29.10619964216105,922718343,60
normal,21,27.981724821374414,922718403,60
normal,11,25.948900973594686,922718463,60
normal,21,20.824268628432918,922718523,60
normal,29,19.66181867768867,922718583,60
normal,20,21.91943921322453,922718643,60
normal,19,21.699083772403142,922718703,60
normal,23,21.11546536697302,922718763,60
normal,25,21.64972221634445,922718823,60
normal,31,22.68741991531302,922718883,60
normal,17,25.43088794374264,922718943,60
normal,23,23.422809529519363,922719003,60
normal,14,23.144663803014595,922719063,60
normal,21,20.124759305105908,922719123,60
normal,7,19.74851821287421,922719183,60
normal,10,15.532234894705537,922719243,60
normal,7,13.044210273880815,922719303,60
normal,5,10.477066096757584,922719363,60
normal,6,8.143236679198084,922719423,60
higher,33,6.9168459388100105,922719483,60
higher,47,14.615896795672079,922719543,60
normal,19,25.963776447049476,922719603,60
normal,37,26.506784128126096,922719663,60
normal,11,30.74790692425429,922719723,60
normal,45,25.412201320853644,922719783,60
normal,14,30.50926219814686,922719843,60
normal,15,25.864077624250292,922719903,60
normal,15,21.979839231092967,922719963,60
normal,27,18.90562644152437,922720023,60
normal,27,20.506027070681423,922720083,60
normal,37,22.57407760073919,922720143,60
normal,27,27.593232094533438,922720203,60
normal,19,28.58998521151762,922720263,60
normal,39,26.191897604453946,922720323,60
normal,47,29.72479551220109,922720383,60
normal,45,35.40424986657451,922720443,60
normal,35,39.59247033486861,922720503,60
normal,23,39.43398670682363,922720563,60
normal,29,34.66878971906586,922720623,60
normal,42,31.931688496723734,922720683,60
normal,45,34.04070947097672,922720743,60
normal,41,37.5500610113065,922720803,60
normal,31,39.51244795230068,922720863,60
normal,11,37.63613515121165,922720923,60
normal,44,29.231918200178214,922720983,60
normal,21,32.004902064509764,922721043,60
normal,29,28.4065233900186,922721103,60
normal,23,28.11643167321451,922721163,60
normal,39,26.42186673437864,922721223,60
normal,46,29.99473586453844,922721283,60
normal,38,35.46658249692592,922721343,60
normal,17,37.507336638994104,922721403,60
normal,29,32.015263406617436,922721463,60
normal,17,30.216953384540513,922721523,60
normal,13,25.28859405968528,922721583,60
normal,17,20.343358466700057,922721643,60
normal,22,18.123966981010085,922721703,60
normal,13,18.636163364532567,922721763,60
normal,17,16.909921919634357,922721823,60
normal,25,16.750895185161674,922721883,60
normal,31,19.20245408869798,922721943,60
normal,21,23.258165993073632,922722003,60
normal,30,23.488283242933154,922722063,60
normal,35,25.861973380731715,922722123,60
normal,17,29.116396406563364,922722183,60
normal,11,26.05960769377262,922722243,60
normal,38,21.06632951748168,922722303,60
normal,33,25.133956847725656,922722363,60
normal,50,27.859481204050496,922722423,60
normal,15,35.47883178042513,922722483,60
normal,13,30.90905200890601,922722543,60
normal,11,25.122365875047908,922722603,60
normal,23,19.312326164798712,922722663,60
normal,17,18.754092694865882,922722723,60
normal,7,17.664910387439434,922722783,60
normal,26,14.280555614333307,922722843,60
higher,71,17.37402164431937,922722903,60
normal,17,34.25717147351122,922722963,60
normal,19,32.22060700959958,922723023,60
normal,23,29.073603852058753,922723083,60
normal,16,26.54987527361044,922723143,60
higher,49,22.280894174184343,922723203,60
normal,47,29.38348956459793,922723263,60
normal,38,35.88269371383699,922723323,60
normal,19,38.372422889467266,922723383,60
normal,19,33.481356872647424,922723443,60
normal,13,28.23004436544715,922723503,60
higher,50,22.01823285864421,922723563,60
normal,23,28.975099393178493,922723623,60
normal,41,28.0166246993518,922723683,60
normal,39,32.502359338961895,922723743,60
normal,9,35.457547180901464,922723803,60
normal,35,28.082883683531183,922723863,60
normal,11,29.011478119394074,922723923,60
normal,24,23.01894524499743,922723983,60
normal,13,22.187439899748668,922724043,60
normal,21,18.879011875457,922724103,60
normal,13,18.90742739184306,922724163,60
higher,37,16.938048249480996,922724223,60
normal,25,22.78897846618281,922724283,60
normal,34,24.445735203876517,922724343,60
normal,13,28.13005635610854,922724403,60
normal,30,24.320559752287046,922724463,60
normal,23,25.566589315145148,922724523,60
normal,21,24.652985557130798,922724583,60
normal,29,23.353461186699302,922724643,60
normal,11,24.845400405801602,922724703,60
normal,11,20.787469053513618,922724763,60
normal,23,17.141694350987823,922724823,60
normal,22,18.003519611784704,922724883,60
normal,25,19.085263006928724,922724943,60
normal,5,21.201908631160205,922725003,60
higher,35,16.781393785075625,922725063,60
normal,25,21.77140862058021,922725123,60
normal,13,23.321471982996776,922725183,60
normal,31,20.703125330624857,922725243,60
normal,20,23.594003258638573,922725303,60
higher,46,22.806016960908096,922725363,60
normal,39,29.93838445822195,922725423,60
normal,55,34.01010271999925,922725483,60
normal,25,41.73707771124137,922725543,60
normal,36,38.33000416146484,922725603,60
normal,19,37.46166397464563,922725663,60
normal,17,31.266239705076757,922725723,60
normal,29,25.489823220033344,922725783,60
normal,21,25.061935292748476,922725843,60
higher,46,23.35296745358321,922725903,60
higher,62,30.094371207365562,922725963,60
normal,56,41.17866555694272,922726023,60
normal,74,48.30704557156662,922726083,60
normal,78,58.38613456343413,922726143,60
normal,68,66.7412885493886,922726203,60
normal,82,69.1851734296348,922726263,60
normal,62,74.0292877782245,922726323,60
normal,73,71.23294093306156,922726383,60
normal,92,71.45285436518853,922726443,60
normal,62,77.56396782740973,922726503,60
normal,101,73.82372317089515,922726563,60
normal,94,81.99715045458714,922726623,60
normal,86,86.98737688999863,922726683,60
normal,74,88.08309293232801,922726743,60
normal,76,84.34647368755158,922726803,60
normal,66,81.09889709426307,922726863,60
normal,76,75.43678687892489,922726923,60
normal,70,74.24708286017244,922726983,60
normal,49,72.36443851964705,922727043,60
normal,69,64.82291203791871,922727103,60
normal,66,64.7126355708848,922727163,60
normal,66,64.57370377423702,922727223,60
normal,64,64.95516197972873,922727283,60
normal,72,64.84253910483835,922727343,60
normal,70,67.12751245500564,922727403,60
normal,61,68.4193957176881,922727463,60
normal,77,66.50354429844052,922727523,60
normal,92,69.48472366227715,922727583,60
normal,74,76.80457337932106,922727643,60
normal,66,77.45178696121374,922727703,60
normal,77,74.61844069677498,922727763,60
normal,75,74.89878706231147,922727823,60
normal,58,74.62790626594348,922727883,60
normal,17,69.36927475307468,922727943,60
normal,19,52.305011861350344,922728003,60
normal,23,38.58522421361246,922728063,60
normal,34,29.99045449308892,922728123,60
normal,20,28.61857235893928,922728183,60
normal,13,25.334374875097282,922728243,60
normal,23,21.18487718976515,922728303,60
normal,39,20.982787523129048,922728363,60
normal,23,26.196150762582555,922728423,60
normal,32,26.1184841923114,922728483,60
normal,50,28.371308463290944,922728543,60
normal,37,35.52295506323311,922728603,60
normal,21,37.36449024406874,922728663,60
normal,31,33.128323587982074,922728723,60
normal,31,31.833553162125504,922728783,60
normal,41,30.919027768961115,922728843,60
normal,25,33.64716185747101,922728903,60
normal,30,31.470981423879287,922728963,60
normal,29,30.908929751182026,922729023,60
normal,13,30.10978038280775,922729083,60
normal,25,24.577712416917652,922729143,60
normal,41,23.62436079194792,922729203,60
normal,27,28.424650448709365,922729263,60
normal,16,28.797023964865012,922729323,60
normal,29,25.3675819538195,922729383,60
normal,23,25.975670712927112,922729443,60
normal,26,24.837970897959472,922729503,60
normal,37,24.936943227744983,922729563,60
normal,29,28.642151641897726,922729623,60
normal,23,29.481027717236696,922729683,60
higher,63,27.931998843253844,922729743,60
normal,12,38.52948409591589,922729803,60
normal,11,32.11463777622605,922729863,60
normal,23,25.154011816679247,922729923,60
normal,29,22.822897931258247,922729983,60
normal,41,23.60566946683877,922730043,60
normal,29,28.905316094994255,922730103,60
normal,19,30.13390747441405,922730163,60
normal,13,27.46383640035643,922730223,60
normal,15,22.62824012357435,922730283,60
normal,12,19.058552045348215,922730343,60
normal,13,15.766443076098382,922730403,60
normal,9,14.070940044341938,922730463,60
higher,52,12.075628157834723,922730523,60
higher,65,23.987245227834325,922730583,60
higher,87,38.72039658524773,922730643,60
normal,24,57.195339629606124,922730703,60
normal,25,51.53179288601113,922730763,60
normal,15,43.57106347762097,922730823,60
normal,25,32.616759653070204,922730883,60
normal,21,27.191516724621536,922730943,60
normal,15,23.408150358191623,922731003,60
normal,22,19.949082009070587,922731063,60
normal,11,19.978146431837796,922731123,60
normal,21,17.111115813331267,922731183,60
normal,25,17.809628265985786,922731243,60
normal,13,19.97679219243366,922731303,60
normal,13,18.273267173095782,922731363,60
normal,7,16.54263385457444,922731423,60
normal,9,13.180748640470599,922731483,60
higher,31,11.092259910516752,922731543,60
normal,17,16.58529709802483,922731603,60
normal,21,17.595968786662624,922731663,60
normal,9,19.30820701994447,922731723,60
normal,5,16.613562143365993,922731783,60
higher,27,12.5867688929328,922731843,60
normal,21,16.010619964216104,922731903,60
normal,8,17.820951212114803,922731963,60
higher,45,15.410259303930353,922732023,60
normal,27,24.35043530803069,922732083,60
normal,9,26.620319233726207,922732143,60
normal,11,22.16884967237281,922732203,60
normal,20,18.131645706520334,922732263,60
normal,11,17.540073495700994,922732323,60
normal,19,14.980575128546944,922732383,60
normal,23,15.73742802664278,922732443,60
normal,29,18.065269166837126,922732503,60
normal,16,21.969339173490766,922732563,60
normal,8,21.044191465000203,922732623,60
normal,9,17.139576000808784,922732683,60
normal,19,13.815658863332324,922732743,60
normal,17,14.420658263799254,922732803,60
higher,29,15.042084870371548,922732863,60
higher,41,19.574338573957696,922732923,60
normal,40,27.16856048583339,922732983,60
normal,31,32.86878219551362,922733043,60
normal,31,33.87979714622259,922733103,60
normal,41,33.53847944306905,922733163,60
normal,13,35.71195374896258,922733223,60
normal,33,28.933030980577485,922733283,60
normal,30,29.05612569974914,922733343,60
normal,43,28.91561395712986,922733403,60
normal,21,33.19632004250808,922733463,60
normal,21,30.30407141731969,922733523,60
higher,58,27.2813714495299,922733583,60
normal,23,36.003383247400265,922733643,60
normal,11,33.261979493617915,922733703,60
normal,22,26.52385788950253,922733763,60
normal,27,23.82984075931451,922733823,60
normal,42,23.703706054813782,922733883,60
normal,23,29.030865373085906,922733943,60
normal,39,28.25328743966464,922734003,60
normal,20,31.95697938781796,922734063,60
normal,9,28.949324173408478,922734123,60
higher,47,22.393234915865527,922734183,60
normal,21,28.50981000679471,922734243,60
normal,44,26.771378056149214,922734303,60
normal,31,32.219889921026216,922734363,60
normal,26,32.89580350362424,922734423,60
higher,67,31.25478509678345,922734483,60
normal,37,41.99756895218077,922734543,60
normal,50,42.2080944017718,922734603,60
normal,45,45.382097707432564,922734663,60
normal,17,45.95481401543739,922734723,60
normal,19,37.22776849089298,922734783,60
normal,40,29.962520954268562,922734843,60
normal,31,31.0285730407612,922734903,60
normal,11,30.62772523046757,922734963,60
normal,43,24.70408928575627,922735023,60
normal,23,29.44951108665957,922735083,60
normal,17,27.937561569695134,922735143,60
normal,39,24.559251500596005,922735203,60
normal,49,28.369662686237305,922735263,60
normal,17,35.15274456834795,922735323,60
normal,20,31.04792502780188,922735383,60
normal,11,27.46845398054692,922735443,60
normal,21,21.449762655437766,922735503,60
higher,43,19.769649990242897,922735563,60
normal,42,26.145366784927504,922735623,60
normal,11,32.16090292031383,922735683,60
normal,18,27.37136724104286,922735743,60
normal,27,24.16078536481,922735803,60
normal,27,24.00239813227816,922735863,60
normal,9,24.437327634242507,922735923,60
normal,17,19.750149883267383,922735983,60
normal,15,18.21751294873875,922736043,60
normal,9,16.668406488123367,922736103,60
normal,14,13.854680237274032,922736163,60
normal,15,13.305284590119225,922736223,60
normal,11,13.58114268651944,922736283,60
normal,13,12.827470840357275,922736343,60
higher,27,12.80691743606744,922736403,60
normal,19,17.14584406027306,922736463,60
normal,15,18.499091295955388,922736523,60
normal,21,17.989422355765278,922736583,60
normal,7,18.95273563412966,922736643,60
normal,15,15.345406283576793,922736703,60
normal,5,14.578615243187073,922736763,60
normal,11,11.223275519536552,922736823,60
normal,9,10.471508072536448,922736883,60
normal,14,9.68967933209665,922736943,60
higher,27,10.84703677841493,922737003,60
higher,35,16.034417900411682,922737063,60
normal,17,22.94270814965286,922737123,60
normal,43,22.776381218392267,922737183,60
normal,37,29.492811480940727,922737243,60
normal,14,32.9582019650578,922737303,60
normal,21,28.07730214820928,922737363,60
normal,21,25.23828735737579,922737423,60
normal,13,22.989645711222558,922737483,60
normal,29,19.169129454471932,922737543,60
normal,21,21.37235000505489,922737603,60
higher,45,21.484483849049333,922737663,60
higher,57,28.97302806520099,922737723,60
normal,31,39.06578641105398,922737783,60
normal,15,38.958418267184854,922737843,60
higher,68,32.30353536422222,922737903,60
normal,27,41.99667317924158,922737963,60
normal,27,38.42264730292408,922738023,60
normal,21,34.84077812339096,922738083,60
normal,19,29.860731994611257,922738143,60
normal,21,25.269456023661572,922738203,60
normal,27,22.6839919968213,922738263,60
normal,19,23.239926081099192,922738323,60
normal,17,21.96129602591864,922738383,60
normal,16,20.35504818600102,922738443,60
normal,15,18.691553166827717,922738503,60
normal,15,17.108404983412917,922738563,60
normal,15,16.030717253151074,922738623,60
normal,14,15.423129280489784,922738683,60
normal,19,14.835017903703235,922738743,60
normal,18,16.00152587043973,922738803,60
higher,39,16.808243462150656,922738863,60
normal,39,23.888162395875213,922738923,60
normal,31,29.916495623408593,922738983,60
normal,13,31.863967122076694,922739043,60
normal,23,26.863532166712513,922739103,60
normal,26,24.80605928088947,922739163,60
normal,41,24.271094747384982,922739223,60
normal,41,29.067803663499724,922739283,60
normal,57,33.67151935786482,922739343,60
normal,29,42.17283245284261,922739403,60
normal,16,40.06847608098164,922739463,60
normal,21,32.813011513386044,922739523,60
normal,43,27.588934265313373,922739583,60
normal,41,30.65092833581376,922739643,60
normal,24,33.9555475617813,922739703,60
normal,13,31.868213226875074,922739763,60
normal,11,26.124545354088937,922739823,60
normal,26,20.262466173403777,922739883,60
normal,17,20.387340682903435,922739943,60
normal,15,18.875988347898463,922740003,60
higher,35,17.519947993445108,922740063,60
normal,21,22.73050165635705,922740123,60
normal,39,23.089857076018447,922740183,60
normal,32,28.420385535030363,922740243,60
normal,31,30.56117941085884,922740303,60
normal,11,31.410506170488397,922740363,60
normal,17,25.407757722808824,922740423,60
normal,25,21.69964803882153,922740483,60
normal,23,21.52783831886225,922740543,60
higher,42,21.62133256216923,922740603,60
normal,29,27.99761362327223,922740663,60
normal,28,29.615504160289284,922740723,60
normal,19,29.920144546247514,922740783,60
normal,45,26.73344054395283,922740843,60
normal,20,31.67875137246051,922740903,60
normal,17,28.661675259974004,922740963,60
normal,21,24.856380089859428,922741023,60
normal,31,22.855136352628897,922741083,60
normal,33,24.66306711713936,922741143,60
normal,31,27.38775212716684,922741203,60
normal,34,29.2039305858261,922741263,60
normal,17,31.310388850095574,922741323,60
normal,27,27.41933223771604,922741383,60
normal,27,26.655802187002596,922741443,60
normal,25,26.276680984927037,922741503,60
normal,11,25.695406636243305,922741563,60
normal,21,21.092135301682692,922741623,60
normal,16,20.2396839167613,922741683,60
normal,14,18.449739144337002,922741743,60
normal,27,16.658242639262127,922741803,60
normal,13,19.453124742847336,922741863,60
normal,15,17.89608798794351,922741923,60
normal,25,16.950212893017436,922741983,60
normal,33,19.18701669993488,922742043,60
normal,26,23.735657640755086,922742103,60
normal,33,25.41854696695045,922742163,60
normal,43,28.440160721884837,922742223,60
normal,49,33.61090774008949,922742283,60
normal,31,39.431254716914594,922742343,60
normal,14,38.21719319776833,922742403,60
normal,29,30.933449478171124,922742463,60
normal,33,28.852472544912086,922742523,60
normal,3,29.069176711784472,922742583,60
normal,17,20.856648116408163,922742643,60
higher,35,18.328504153235954,922742703,60
higher,45,22.53195511260642,922742763,60
normal,49,30.00081583519659,922742823,60
normal,45,37.614794125046146,922742883,60
normal,13,41.96676705906694,922742943,60
normal,19,34.394377555362766,922743003,60
higher,55,28.430697503826433,922743063,60
normal,41,34.772247966877565,922743123,60
normal,33,37.24845120623703,922743183,60
normal,51,36.96085871944439,922743243,60
normal,24,41.669727811986434,922743303,60
normal,25,37.04023219563118,922743363,60
normal,23,32.677286630882776,922743423,60
normal,17,28.52579520420567,922743483,60
normal,11,23.818750573083086,922743543,60
normal,8,18.736304196026154,922743603,60
normal,7,14.25179683587606,922743663,60
higher,21,10.913592002463963,922743723,60
higher,33,13.152523564000745,922743783,60
normal,26,19.511606254893252,922743843,60
normal,21,22.926231570235892,922743903,60
normal,12,23.519947993445108,922743963,60
normal,9,20.338214237852405,922744023,60
normal,11,16.173004083878205,922744083,60
normal,17,13.452536965328182,922744143,60
normal,13,13.696135480367056,922744203,60
normal,25,13.386757607604432,922744263,60
normal,15,17.034653011419344,922744323,60
normal,20,17.136449024406872,922744383,60
normal,19,18.304191323933598,922744443,60
normal,21,18.737696053191513,922744503,60
higher,45,19.532197276944313,922744563,60
normal,17,27.53033989998378,922744623,60
higher,61,25.79838995981953,922744683,60
normal,70,36.91892432011775,922744743,60
normal,13,49.05263195017528,922744803,60
normal,42,40.8351425125373,922744863,60
normal,35,40.59406203639048,922744923,60
normal,33,38.12766762827069,922744983,60
normal,27,35.747460213339735,922745043,60
normal,18,32.459997037601305,922745103,60
normal,31,27.34720723389549,922745163,60
normal,31,27.374205030905344,922745223,60
normal,51,28.138421605761167,922745283,60
normal,19,35.34660299860579,922745343,60
normal,12,31.79334917981525,922745403,60
normal,19,25.623495583439727,922745463,60
normal,11,22.199917240925306,922745523,60
higher,39,17.496128897258842,922745583,60
normal,19,22.959730186607608,922745643,60
normal,32,22.531113415198988,922745703,60
normal,13,25.897442227347646,922745763,60
normal,17,22.637242524057736,922745823,60
normal,22,20.464015084722256,922745883,60
normal,5,20.241536591501678,922745943,60
normal,19,15.26592935854664,922746003,60
higher,41,15.52260474783169,922746063,60
normal,25,23.13597880239155,922746123,60
normal,23,25.12789333483805,922746183,60
normal,18,25.469685962227068,922746243,60
normal,15,23.449019704653555,922746303,60
normal,13,20.374630581829212,922746363,60
normal,23,17.265985785188477,922746423,60
normal,5,18.20479814544437,922746483,60
normal,17,14.128730330025324,922746543,60
normal,5,14.410863539220044,922746603,60
normal,6,11.34377931540377,922746663,60
normal,5,9.130992097919034,922746723,60
normal,9,7.267782033287018,922746783,60
higher,19,7.305837100987231,922746843,60
normal,8,10.816998996075998,922746903,60
normal,11,10.642739419416879,922746963,60
normal,5,11.02735281463143,922747023,60
normal,6,9.25281956875939,922747083,60
higher,15,7.881057341223658,922747143,60
normal,7,9.654746538578191,922747203,60
normal,5,9.051197773028537,922747263,60
normal,13,7.858352671213714,922747323,60
normal,17,9.234708967839167,922747383,60
normal,12,11.768041830950486,922747443,60
normal,11,12.380059294996133,922747503,60
normal,11,12.281846373765374,922747563,60
higher,23,11.92407090007547,922747623,60
normal,6,15.212446306523626,922747683,60
normal,19,12.907704822832102,922747743,60
normal,15,14.604623222854672,922747803,60
normal,23,14.905762805908811,922747863,60
normal,24,17.52155380162744,922747923,60
normal,17,20.030369288859738,922747983,60
normal,16,19.74492571667713,922748043,60
normal,7,18.726114484954074,922748103,60
normal,19,14.868970284319742,922748163,60
normal,11,15.29186680491194,922748223,60
normal,13,13.74153541594664,922748283,60
normal,11,13.272705257787466,922748343,60
normal,10,12.461334819234903,922748403,60
normal,5,11.541155006336243,922748463,60
normal,5,9.30375636856942,922748523,60
higher,17,7.501745699231893,922748583,60
normal,11,9.944652517686226,922748643,60
normal,17,10.594743858312704,922748703,60
normal,9,12.902607616185984,922748763,60
normal,3,12.232602373210513,922748823,60
normal,12,9.409495193155449,922748883,60
normal,6,9.607122452866122,922748943,60
normal,11,8.268456801879008,922749003,60
normal,7,8.863090158018109,922749063,60
higher,29,8.365139150449886,922749123,60
normal,25,14.702608086407999,922749183,60
normal,7,19.017797903280034,922749243,60
normal,10,16.558475634270724,922749303,60
normal,7,14.43796948729343,922749363,60
normal,15,11.497365581159146,922749423,60
normal,7,11.733922521518537,922749483,60
normal,9,10.0932708878497,922749543,60
normal,5,9.546727137217838,922749603,60
normal,14,8.01855260961463,922749663,60
normal,3,9.545687946563971,922749723,60
normal,5,7.694990489759741,922749783,60
higher,23,6.641728442083931,922749843,60
normal,15,11.394111879924107,922749903,60
normal,16,13.276410607268222,922749963,60
normal,20,14.816307769713472,922750023,60
normal,20,16.89193357643812,922750083,60
normal,11,18.288029793266894,922750143,60
normal,9,16.374581208517604,922750203,60
normal,5,13.818769381963696,922750263,60
normal,11,10.469147558019522,922750323,60
normal,14,9.792328798041996,922750383,60
normal,11,10.728623119405828,922750443,60
normal,19,10.984151166973488,922750503,60
normal,5,13.652096837521837,922750563,60
normal,5,11.533307000900477,922750623,60
normal,7,9.303575333093521,922750683,60
normal,4,8.013897411662917,922750743,60
normal,3,6.315855181023721,922750803,60
normal,3,4.892495491746429,922750863,60
normal,5,3.982331407774181,922750923,60
normal,4,4.066614001800951,922750983,60
normal,3,4.018778316181986,922751043,60
higher,10,3.7229898596622397,922751103,60
normal,5,5.621064535620494,922751163,60
normal,3,5.757370142312693,922751223,60
higher,11,5.065516033395168,922751283,60
normal,3,6.790102296799434,922751343,60
normal,9,5.859735123938769,922751403,60
normal,11,6.759883478984603,922751463,60
normal,3,8.18321965716113,922751523,60
normal,6,6.893167909228342,922751583,60
normal,9,6.491807556938009,922751643,60
normal,3,7.0956713712379305,922751703,60
normal,3,5.878266573562708,922751763,60
normal,3,4.817727840199751,922751823,60
normal,4,3.999809560083794,922751883,60
normal,3,3.7643740992309525,922751943,60
normal,4,3.429613642081109,922752003,60
normal,5,3.5481683676948075,922752063,60
normal,3,4.01681278815793,922752123,60
normal,3,3.8047191481457974,922752183,60
normal,3,3.5545610359931445,922752243,60
normal,4,3.3219139916911775,922752303,60
normal,3,3.459000166928816,922752363,60
normal,3,3.322967289005504,922752423,60
normal,3,3.214823278811091,922752483,60
normal,3,3.1278768770675076,922752543,60
normal,5,3.063197838859618,922752603,60
normal,3,3.6400285894985323,922752663,60
normal,4,3.545213022328493,922752723,60
normal,5,3.7133714683387766,922752783,60
normal,3,4.138764867832348,922752843,60
normal,3,3.867916987005415,922752903,60
normal,3,3.578260225565501,922752963,60
normal,4,3.3278387890842667,922753023,60
normal,6,3.459740766602952,922753083,60
normal,3,4.2474613888947665,922753143,60
normal,7,4.023755616214196,922753203,60
normal,3,4.967234929972188,922753263,60
normal,3,4.52096132188813,922753323,60
normal,3,4.0222250435543145,922753383,60
normal,4,3.5826050769871,922753443,60
normal,3,3.5794710472549616,922753503,60
normal,3,3.366662669779537,922753563,60
higher,13,3.2259322739231333,922753623,60
normal,9,6.211005076046657,922753683,60
higher,15,7.608627163315161,922753743,60
normal,4,10.361871107443381,922753803,60
normal,3,9.027174130265607,922753863,60
normal,3,7.0875341792627395,922753923,60
normal,3,5.33516014586287,922753983,60
higher,12,4.086212855399678,922754043,60
normal,8,6.164025194495582,922754103,60
normal,3,7.066860868358996,922754163,60
normal,3,6.183130314978218,922754223,60
normal,3,5.149467120901134,922754283,60
normal,5,4.200758938332735,922754343,60
normal,4,4.145611300375473,922754403,60
normal,3,4.019272049298077,922754463,60
higher,11,3.7103996652019258,922754523,60
normal,5,5.924045037864628,922754583,60
normal,5,6.026273655106259,922754643,60
normal,3,5.884078517672119,922754703,60
normal,4,4.990468599749372,922754763,60
normal,3,4.478410931721413,922754823,60
normal,5,3.8391652618783962,922754883,60
normal,3,4.039754920285613,922754943,60
normal,3,3.7308566739786193,922755003,60
normal,5,3.480994801695621,922755063,60
normal,5,3.894301144285275,922755123,60
normal,3,4.287938099973903,922755183,60
normal,3,3.9918933724558054,922755243,60
higher,9,3.6691071189262017,922755303,60
normal,3,5.229656432284504,922755363,60
normal,7,4.791658731670159,922755423,60
normal,4,5.505305279887899,922755483,60
normal,5,5.158446010283756,922755543,60
normal,9,5.0755740823029605,922755603,60
normal,9,6.2382873573757855,922755663,60
normal,5,7.28605486080253,922755723,60
normal,5,6.862822131469374,922755783,60
normal,6,6.301184254145596,922755843,60
normal,5,6.062095168233682,922755903,60
normal,5,5.616491626521464,922755963,60
normal,5,5.32072903221256,922756023,60
normal,6,5.153057265988137,922756083,60
normal,5,5.37432493751925,922756143,60
normal,6,5.293343302040059,922756203,60
normal,5,5.516322581706953,922756263,60
normal,3,5.396780389861073,922756323,60
normal,5,4.649101523284219,922756383,60
higher,13,4.61080664235619,922756443,60
normal,7,7.129974067255856,922756503,60
normal,5,7.545130733475812,922756563,60
normal,6,7.036682019415467,922756623,60
normal,5,6.677138510947945,922756683,60
normal,5,6.016168583996935,922756743,60
normal,5,5.516741079300592,922756803,60
normal,5,5.221192436008662,922756863,60
normal,5,5.080972231038886,922756923,60
normal,5,5.02518038892063,922756983,60
normal,7,5.00592479739309,922757043,60
normal,7,5.617069999600312,922757103,60
normal,7,6.155617624861579,922757163,60
normal,5,6.560083793563132,922757223,60
normal,3,6.196545749075426,922757283,60
normal,9,5.167323801933083,922757343,60
higher,13,6.119955987219367,922757403,60
normal,6,8.325071532524083,922757463,60
normal,5,8.0821877549485,922757523,60
normal,7,7.280026614566069,922757583,60
normal,13,7.0366020816728625,922757643,60
normal,7,8.719531376739528,922757703,60
normal,6,8.452957814031896,922757763,60
normal,5,7.792168922556786,922757823,60
normal,9,6.823520975428551,922757883,60
normal,7,7.2414049293373886,922757943,60
normal,5,7.149140316600484,922758003,60
normal,5,6.507696358835824,922758063,60
normal,6,5.951522461330118,922758123,60
normal,10,5.82115340758139,922758183,60
normal,3,7.032400647965938,922758243,60
normal,5,6.00522181548018,922758303,60
normal,5,5.613084868020437,922758363,60
normal,5,5.2921912581025135,922758423,60
normal,6,5.0868970284319746,922758483,60
normal,5,5.306189767498726,922758543,60
higher,21,5.252610319962571,922758603,60
normal,13,10.124721687344682,922758663,60
normal,5,11.90453787755889,922758723,60
normal,5,10.456080088213653,922758783,60
normal,6,8.66389470788633,922758843,60
normal,5,7.336420340863939,922758903,60
normal,5,6.155154456176485,922758963,60
normal,5,5.486623359219056,922759023,60
normal,5,5.1856436516501265,922759083,60
normal,5,5.0691226362527075,922759143,60
normal,4,5.023699189572357,922759203,60
normal,6,4.6977600974300024,922759263,60
normal,5,5.039261187169522,922759323,60
normal,5,5.067411028116926,922759383,60
normal,5,5.075837406631542,922759443,60
normal,5,5.063197838859618,922759503,60
normal,5,5.039498649287261,922759563,60
higher,17,5.017774392179268,922759623,60
normal,6,8.703160597276005,922759683,60
normal,5,8.544634649249645,922759743,60
normal,5,7.696441124677017,922759803,60
normal,5,6.718981216981598,922759863,60
normal,7,5.884769744034646,922759923,60
normal,5,5.9639175136540725,922759983,60
normal,6,5.634084983224831,922760043,60
normal,5,5.727442862147363,922760103,60
normal,5,5.523176067580309,922760163,60
normal,6,5.328628762070012,922760223,60
normal,3,5.481958756827037,922760283,60
normal,3,4.728362146187322,922760343,60
normal,5,4.071795848409828,922760403,60
normal,4,4.1885660814753685,922760463,60
normal,5,4.098516214430644,922760523,60
normal,3,4.37486804394695,922760583,60
higher,9,4.01356825625219,922760643,60
normal,5,5.508467522940958,922760703,60
normal,3,5.597581648175186,922760763,60
normal,5,4.914631193117831,922760823,60
normal,4,4.8339740108292135,922760883,60
normal,3,4.4920215079549815,922760943,60
normal,3,3.944182295670901,922761003,60
normal,5,3.5379716032924953,922761063,60
normal,3,3.8854139481956413,922761123,60
normal,4,3.6513656422880065,922761183,60
higher,14,3.7481796530231755,922761243,60
normal,5,6.919653164241497,922761303,60
normal,5,6.911783998815041,922761363,60
normal,3,6.553975609584066,922761423,60
normal,5,5.409154282194338,922761483,60
normal,4,4.99394354044262,922761543,60
normal,5,4.493255840745208,922761603,60
normal,3,4.530147108957495,922761663,60
normal,5,4.061707235071039,922761723,60
normal,4,4.286917718200649,922761783,60
normal,5,4.212321697689564,922761843,60
normal,3,4.4523841431732,922761903,60
normal,5,4.049117040610724,922761963,60
normal,3,4.286177118526513,922762023,60
normal,5,3.904156997726477,922762083,60
normal,4,4.182740030705498,922762143,60
normal,3,4.155048656223036,922762203,60
normal,6,3.813096153348804,922762263,60
normal,5,4.428398118171495,922762323,60
normal,3,4.6899026875539285,922762383,60
normal,7,4.258064895340335,922762443,60
normal,4,5.051860786070144,922762503,60
normal,3,4.836532018592579,922762563,60
normal,3,4.276810295981248,922762623,60
normal,5,3.772988566551698,922762683,60
normal,3,4.009587826892467,922762743,60
normal,4,3.6987640214327198,922762803,60
normal,3,3.7600292478093538,922762863,60
normal,3,3.5313226639958057,922762923,60
normal,5,3.3293693617441478,922762983,60
normal,3,3.790123456790124,922763043,60
normal,3,3.6143356585811994,922763103,60
higher,9,3.4296465576221817,922763163,60
normal,6,5.107704352610085,922763223,60
normal,4,5.669495052088845,922763283,60
normal,3,5.377893922615564,922763343,60
normal,3,4.64656702662162,922763403,60
normal,5,3.96208835001446,922763463,60
normal,3,4.074513731658403,922763523,60
normal,3,3.709132416870626,922763583,60
normal,4,3.450383348497994,922763643,60
normal,3,3.569102651817056,922763703,60
normal,5,3.3967803898610733,922763763,60
normal,3,3.865960863421665,922763823,60
normal,3,3.677533497440817,922763883,60
normal,3,3.469145206909443,922763943,60
normal,6,3.2764905450108275,922764003,60
normal,3,4.056814575001587,922764063,60
normal,3,3.8570713162219548,922764123,60
normal,3,3.6185488478385075,922764183,60
normal,5,3.380668232505978,922764243,60
normal,5,3.8059229165050286,922764303,60
normal,3,4.226715193578649,922764363,60
normal,3,3.9615287858162236,922764423,60
normal,5,3.6594793231624316,922764483,60
normal,3,3.995516433083881,922764543,60
normal,3,3.713082281799352,922764603,60
normal,4,3.4637141426324445,922764663,60
normal,3,3.574286849536009,922764723,60
normal,5,3.3975209895352094,922764783,60
higher,11,3.865960863421665,922764843,60
normal,5,6.142851097145518,922764903,60
normal,3,6.2426275065772305,922764963,60
normal,5,5.433643444752441,922765023,60
normal,3,5.164281465493934,922765083,60
normal,6,4.345801270069664,922765143,60
normal,3,4.656799057675082,922765203,60
normal,5,4.1580016504792745,922765263,60
normal,4,4.367198722877006,922765323,60
normal,5,4.275519536549182,922765383,60
normal,6,4.49188279246046,922765443,60
normal,5,4.991385532679255,922765503,60
normal,5,5.100293653648571,922765563,60
normal,7,5.127926250379117,922765623,60
normal,5,5.717544688724782,922765683,60
normal,5,5.596561266401933,922765743,60
normal,6,5.4274247585997735,922765803,60
normal,5,5.566880852794648,922765863,60
normal,5,5.396780389861073,922765923,60
normal,5,5.24963146349549,922765983,60
normal,5,5.138245272505414,922766043,60
normal,6,5.06467903820789,922766103,60
normal,5,5.331863889535445,922766163,60
normal,5,5.275568909860791,922766223,60
normal,5,5.202973684024913,922766283,60
normal,6,5.126395677719236,922766343,60
normal,5,5.371362538822705,922766403,60
normal,5,5.293343302040059,922766463,60
normal,5,5.208157881743865,922766523,60
normal,4,5.1271362773933715,922766583,60
normal,5,4.755033138896531,922766643,60
normal,5,4.754055077104656,922766703,60
normal,5,4.803691713042314,922766763,60
normal,5,4.8743449219549015,922766823,60
normal,6,4.936802161140383,922766883,60
normal,5,5.284465510390731,922766943,60
normal,5,5.2637193150746135,922767003,60
normal,5,5.20149248467664,922767063,60
normal,5,5.126395677719236,922767123,60
normal,5,5.063197838859618,922767183,60
normal,6,5.023699189572357,922767243,60
normal,5,5.314089497356177,922767303,60
normal,6,5.270384712141839,922767363,60
normal,5,5.510397784313865,922767423,60
normal,5,5.396039790186938,922767483,60
normal,3,5.265430923210395,922767543,60
normal,5,4.533765467365417,922767603,60
normal,6,4.529834411317305,922767663,60
normal,5,4.928138320508029,922767723,60
normal,5,5.022777554422321,922767783,60
normal,5,5.076578006305677,922767843,60
normal,5,5.078997298574523,922767903,60
normal,6,5.05134824407344,922767963,60
normal,5,5.3303826901871725,922768023,60
normal,5,5.275568909860791,922768083,60
normal,9,5.202973684024913,922768143,60
normal,5,6.359054477571586,922768203,60
normal,5,6.141774288730424,922768263,60
normal,6,5.832631526975462,922768323,60
normal,6,5.8196722082331185,922768383,60
higher,13,5.831340767543397,922768443,60
normal,5,8.031991554812606,922768503,60
normal,5,7.509480851383982,922768563,60
normal,5,6.810420590081607,922768623,60
normal,6,6.098062450185855,922768683,60
normal,5,5.843371397805475,922768743,60
normal,5,5.46590302611378,922768803,60
normal,5,5.2503720631696265,922768863,60
normal,5,5.132320475112325,922768923,60
normal,6,5.063197838859618,922768983,60
normal,5,5.331863889535445,922769043,60
normal,5,5.275568909860791,922769103,60
normal,5,5.202973684024913,922769163,60
normal,5,5.126395677719236,922769223,60
normal,5,5.063197838859618,922769283,60
normal,5,5.023699189572357,922769343,60
normal,7,5.00592479739309,922769403,60
normal,3,5.617069999600312,922769463,60
normal,5,4.922958825009228,922769523,60
normal,5,4.86517794376615,922769583,60
normal,5,4.848325186736918,922769643,60
normal,5,4.873604322280766,922769703,60
normal,5,4.921002701425479,922769763,60
normal,6,4.964451215641466,922769823,60
normal,5,5.297796304525182,922769883,60
normal,5,5.26816291311943,922769943,60
normal,7,5.202233084350777,922770003,60
normal,5,5.742725077645411,922770063,60
normal,5,5.602486063795022,922770123,60
normal,6,5.42816535827391,922770183,60
normal,5,5.566880852794648,922770243,60
normal,5,5.396780389861073,922770303,60
normal,5,5.24963146349549,922770363,60
normal,4,5.138245272505414,922770423,60
normal,7,4.756514338244802,922770483,60
normal,7,5.37038447703083,922770543,60
higher,12,5.959309337903893,922770603,60
normal,5,7.97525221533347,922770663,60
normal,5,7.481568472554317,922770723,60
normal,5,6.7711194340407825,922770783,60
normal,5,6.052639003505506,922770843,60
normal,5,5.500892246274079,922770903,60
normal,5,5.179225121140947,922770963,60
normal,5,5.042954781099897,922771023,60
normal,4,5.005184197718954,922771083,60
normal,5,4.691835300036913,922771143,60
normal,3,4.7303558875322995,922771203,60
normal,5,4.181437515723049,922771263,60
normal,3,4.334316097345362,922771323,60
normal,5,3.9160065925126553,922771383,60
normal,4,4.184221230053771,922771443,60
normal,5,4.155048656223036,922771503,60
normal,4,4.42942555327498,922771563,60
normal,5,4.351356943180724,922771623,60
normal,3,4.555080631320078,922771683,60
normal,5,4.106390082077253,922771743,60
normal,3,4.3091357084247335,922771803,60
normal,3,3.910081795119566,922771863,60
normal,4,3.5671512304534594,922771923,60
normal,5,3.615760431287633,922771983,60
higher,15,4.024959384573426,922772043,60
normal,5,7.488377287336216,922772103,60
normal,3,7.394770190745561,922772163,60
normal,3,6.283555630791078,922772223,60
normal,5,5.071309168623966,922772283,60
normal,3,4.68081799821786,922772343,60
normal,6,3.9626643719832324,922772403,60
normal,4,4.448937415800871,922772463,60
normal,3,4.390625183680475,922772523,60
normal,3,4.004220242587538,922772583,60
normal,5,3.6288184966531953,922772643,60
normal,4,3.944168189010442,922772703,60
normal,3,3.9832295318234507,922772763,60
normal,3,3.715583862920879,922772823,60
normal,3,3.4631710362047445,922772883,60
normal,3,3.253531955112607,922772943,60
normal,3,3.110596218004331,922773003,60
normal,3,3.0355487843585354,922773063,60
higher,7,3.0074059967413618,922773123,60
normal,5,4.233399399526487,922773183,60
normal,4,4.694905849796982,922773243,60
normal,3,4.656385262301596,922773303,60
normal,3,4.179692992046196,922773363,60
normal,3,3.707815795227717,922773423,60
normal,3,3.347588113727897,922773483,60
normal,5,3.134295407576688,922773543,60
normal,3,3.654840582981255,922773603,60
normal,3,3.546694221676765,922773663,60
normal,5,3.405206768375689,922773723,60
normal,7,3.869120755364646,922773783,60
normal,7,4.898342702506989,922773843,60
normal,4,5.7630997975694225,922773903,60
normal,3,5.460314437461649,922773963,60
normal,3,4.712036037815254,922774023,60
normal,3,4.008005529810901,922774083,60
normal,3,3.4858333862333106,922774143,60
higher,9,3.183174986069673,922774203,60
normal,3,4.899348977619784,922774263,60
normal,6,4.626751870895845,922774323,60
normal,3,5.138633205668057,922774383,60
normal,5,4.567306403718517,922774443,60
normal,5,4.60221568613621,922774503,60
normal,4,4.676999795453424,922774563,60
normal,5,4.477061394537431,922774623,60
normal,5,4.618772203295787,922774683,60
normal,6,4.7548121345493275,922774743,60
normal,3,5.170660027131811,922774803,60
normal,3,4.588635674333638,922774863,60
normal,3,4.022916269916841,922774923,60
normal,3,3.5603870867630154,922774983,60
normal,5,3.2495820901838806,922775043,60
normal,3,3.700757762777696,922775103,60
normal,4,3.5585438164629433,922775163,60
normal,5,3.714852667687049,922775223,60
normal,5,4.138764867832348,922775283,60
normal,3,4.48424638693159,922775343,60
normal,5,4.117548450500904,922775403,60
normal,3,4.348634357711994,922775463,60
normal,3,3.943655647013738,922775523,60
higher,9,3.5841850229585903,922775583,60
higher,11,5.161768128822024,922775643,60
normal,9,7.222908746364597,922775703,60
normal,7,8.268419184117782,922775763,60
normal,5,8.23861181056636,922775823,60
normal,4,7.300138010161499,922775883,60
normal,3,6.062537176928087,922775943,60
normal,5,4.784022326141288,922776003,60
normal,3,4.518182309777562,922776063,60
normal,3,3.928349920414924,922776123,60
normal,5,3.5432051743230573,922776183,60
normal,6,3.9076319384197253,922776243,60
normal,3,4.597583999285263,922776303,60
normal,3,4.261537484923507,922776363,60
normal,3,3.871340203276978,922776423,60
normal,5,3.5070639102252135,922776483,60
normal,3,3.853321295649742,922776543,60
normal,5,3.6222353884386513,922776603,60
normal,3,4.040051160155268,922776663,60
normal,3,3.7943013793962823,922776723,60
normal,5,3.530861846420788,922776783,60
normal,3,3.916519134509359,922776843,60
normal,3,3.677533497440817,922776903,60
normal,3,3.4533457471945384,922776963,60
normal,6,3.264640950224649,922777023,60
normal,3,4.05237097695677,922777083,60
normal,5,3.8563307165478187,922777143,60
normal,3,4.234878247764683,922777203,60
normal,5,3.919956457441381,922777263,60
normal,3,4.210389085206581,922777323,60
normal,6,3.863177149090944,922777383,60
normal,5,4.473130338489318,922777443,60
normal,3,4.727673270934872,922777503,60
normal,5,4.284232750493146,922777563,60
normal,6,4.448862180278419,922777623,60
normal,6,4.918016791628167,922777683,60
normal,5,5.336867051778498,922777743,60
normal,5,5.3499251171440605,922777803,60
normal,5,5.281970982599435,922777863,60
normal,5,5.1777439217926755,922777923,60
normal,5,5.085415829083702,922777983,60
normal,5,5.029623986965446,922778043,60
higher,10,5.006665397067226,922778103,60
normal,5,6.541564099489575,922778163,60
normal,5,6.3482205623385095,922778223,60
normal,5,6.011165421753882,922778283,60
normal,5,5.631978388596176,922778343,60
normal,5,5.315989194298089,922778403,60
normal,3,5.118495947861783,922778463,60
normal,6,4.413294587039271,922778523,60
normal,5,4.772579473398366,922778583,60
normal,8,4.86517794376615,922778643,60
normal,5,5.873935828801569,922778703,60
normal,5,5.808932337403105,922778763,60
normal,5,5.622498712767234,922778823,60
normal,5,5.391036627943884,922778883,60
normal,5,5.19403711462367,922778943,60
normal,5,5.071838168391206,922779003,60
normal,6,5.017774392179268,922779063,60
normal,5,5.310386498985496,922779123,60
normal,5,5.269644112467702,922779183,60
higher,13,5.202233084350777,922779243,60
normal,7,7.591713277423937,922779303,60
normal,6,7.836680138527406,922779363,60
normal,5,7.489016789277058,922779423,60
normal,7,6.691200500316226,922779483,60
normal,5,6.577677150266499,922779543,60
normal,5,5.981673096952727,922779603,60
higher,404,5.562460765850597,922779663,60
lower,5,114.39937615916666,922779723,60
lower,6,103.30857792511286,922779783,60
lower,5,83.85073718934508,922779843,60
lower,5,60.22114876028288,922779903,60
normal,5,38.17133783766535,922779963,60
normal,5,21.62198704093852,922780023,60
normal,5,11.675739326924033,922780083,60
normal,5,7.019185929502384,922780143,60
normal,5,5.412098994122663,922780203,60
normal,5,5.044514622701141,922780263,60
normal,6,5.000991416986662,922780323,60
normal,3,5.27330708555404,922780383,60
normal,5,4.699471261759088,922780443,60
normal,5,4.704935420636196,922780503,60
normal,9,4.74427736455137,922780563,60
normal,5,5.900056250237144,922780623,60
normal,7,5.859621474546549,922780683,60
normal,5,6.267160300236734,922780743,60
normal,5,6.014471365796673,922780803,60
normal,5,5.714969015159238,922780863,60
normal,5,5.438746079575289,922780923,60
normal,5,5.231132346823889,922780983,60
normal,5,5.102446421955112,922781043,60
normal,5,5.037012900835395,922781103,60
normal,6,5.010310736661288,922781163,60
normal,5,5.275190777828699,922781223,60
normal,5,5.246085432867169,922781283,60
normal,5,5.196709719575869,922781343,60
normal,5,5.1376968037031086,922781403,60
normal,3,5.082618082221865,922781463,60
normal,6,4.494893153400184,922781523,60
normal,3,4.797957261360073,922781583,60
normal,5,4.3110089075406615,922781643,60
normal,4,4.430533230216641,922781703,60
normal,5,4.305932397950931,922781763,60
normal,6,4.478719243123946,922781823,60
normal,5,4.919523868057961,922781883,60
normal,5,5.032181710122612,922781943,60
normal,5,5.084018655425245,922782003,60
normal,5,5.087266726314882,922782063,60
normal,5,5.064210773502833,922782123,60
normal,6,5.036153672780288,922782183,60
normal,5,5.288740143313085,922782243,60
normal,5,5.250745092704482,922782303,60
normal,5,5.197701136562531,922782363,60
normal,5,5.137795945401774,922782423,60
normal,5,5.082618082221865,922782483,60
normal,5,5.0413090411109325,922782543,60
normal,6,5.016523616444372,922782603,60
normal,5,5.278165028788686,922782663,60
normal,6,5.246878566456498,922782723,60
higher,13,5.47001680512991,922782783,60
normal,13,7.569247504015939,922782843,60
normal,7,9.432088548399422,922782903,60
normal,5,9.266196684890438,922782963,60
normal,5,8.266168183837733,922783023,60
normal,9,7.202204652595772,922783083,60
normal,6,7.377157402921131,922783143,60
normal,5,6.889710193252874,922783203,60
normal,5,6.2881811380033215,922783263,60
normal,5,5.828231324335509,922783323,60
normal,5,5.486807771939822,922783383,60
normal,6,5.2506302142282495,922783443,60
normal,5,5.380809734141131,922783503,60
normal,5,5.282239105647457,922783563,60
normal,3,5.2056324724558305,922783623,60
normal,5,4.592668899773687,922783683,60
normal,6,4.590942924980857,922783743,60
normal,6,4.921097545814568,922783803,60
normal,5,5.260225102363366,922783863,60
normal,5,5.282317789535288,922783923,60
normal,5,5.252779858043775,922783983,60
normal,5,5.187366794734894,922784043,60
normal,5,5.114012953466173,922784103,60
normal,6,5.055849823581981,922784163,60
normal,5,5.294490361835726,922784223,60
normal,5,5.25183565138981,922784283,60
normal,5,5.197800278261197,922784343,60
normal,5,5.137795945401774,922784403,60
normal,6,5.082618082221865,922784463,60
normal,5,5.314516984966307,922784523,60
normal,3,5.262410765914209,922784583,60
normal,5,4.655250916798432,922784643,60
normal,5,4.646913921750097,922784703,60
normal,6,4.689297784768792,922784763,60
normal,5,5.03912337756009,922784823,60
normal,6,5.097174601470479,922784883,60
normal,5,5.39225666614269,922784943,60
normal,5,5.351528137270861,922785003,60
normal,5,5.269512773629777,922785063,60
normal,5,5.177023010840716,922785123,60
normal,5,5.098943415268906,922785183,60
normal,6,5.046266126044244,922785243,60
normal,5,5.290722977286409,922785303,60
normal,5,5.250943376101814,922785363,60
normal,5,5.197701136562531,922785423,60
normal,5,5.137795945401774,922785483,60
normal,7,5.082618082221865,922785543,60
normal,5,5.587724928821681,922785603,60
normal,5,5.508297915384046,922785663,60
normal,6,5.398376524085051,922785723,60
normal,6,5.549592968248254,922785783,60
normal,5,5.684430399467606,922785843,60
normal,5,5.5252149512675715,922785903,60
normal,5,5.367453756167724,922785963,60
normal,7,5.230229055791597,922786023,60
higher,47,5.6723258450168705,922786083,60
normal,6,15.945110129685753,922786143,60
higher,53,15.204690938033755,922786203,60
normal,7,25.368267911720565,922786263,60
normal,7,22.742396175207443,922786323,60
normal,9,19.26254884557073,922786383,60
normal,20,16.105890868331,922786443,60
normal,9,16.067220898225862,922786503,60
normal,23,13.796067222239675,922786563,60
higher,47,15.573981572663723,922786623,60
normal,5,23.521147540934862,922786683,60
normal,5,20.42375052237827,922786743,60
normal,19,16.89858696889376,922786803,60
normal,5,16.832057822338413,922786863,60
higher,43,13.448994621532401,922786923,60
normal,9,19.987811760265192,922786983,60
normal,5,18.005482602705825,922787043,60
normal,27,14.983720944689068,922787103,60
normal,6,17.553895646265406,922787163,60
higher,57,14.8378052573528,922787223,60
normal,5,24.918941330149792,922787283,60
normal,37,21.446184398089784,922787343,60
higher,149,25.55500440855903,922787403,60
lower,4,56.83037315003656,922787463,60
normal,9,49.149044096771334,922787523,60
normal,5,40.72156205950669,922787583,60
normal,21,30.72035591775088,922787643,60
normal,5,25.595939683701854,922787703,60
normal,7,18.143255353448552,922787763,60
normal,10,13.239981288318182,922787823,60
normal,7,10.944520127556238,922787883,60
normal,8,9.2060650374077,922787943,60
normal,5,8.496282338678386,922788003,60
normal,9,7.43831806259304,922788063,60
normal,5,7.615922906333093,922788123,60
normal,11,6.817330283662409,922788183,60
normal,5,7.850677389590331,922788243,60
normal,5,7.2098527264928824,922788303,60
normal,5,6.575371033873064,922788363,60
normal,3,6.008766783928973,922788423,60
normal,6,5.018559605755254,922788483,60
normal,5,5.049413656410542,922788543,60
higher,11,4.955575076930986,922788603,60
normal,5,6.590702851696433,922788663,60
normal,5,6.453732037998372,922788723,60
normal,6,6.180853167647213,922788783,60
normal,5,6.107650574296212,922788843,60
normal,6,5.748205089378776,922788903,60
normal,5,5.720746161056827,922788963,60
normal,5,5.483518785428513,922789023,60
normal,5,5.309169453096271,922789083,60
normal,6,5.184954346734015,922789143,60
normal,5,5.372944492713609,922789203,60
normal,5,5.292153275514081,922789263,60
normal,5,5.214224753006905,922789323,60
normal,3,5.142753030335086,922789383,60
normal,5,4.537193611497779,922789443,60
normal,6,4.549633883869925,922789503,60
normal,5,4.896312121148008,922789563,60
normal,5,4.975450626996931,922789623,60
normal,5,5.0324649721188015,922789683,60
normal,5,5.055177863179909,922789743,60
normal,5,5.049570849333119,922789803,60
normal,5,5.031394871244308,922789863,60
normal,7,5.014540782471048,922789923,60
normal,5,5.551174689246727,922789983,60
higher,13,5.4927657159263354,922790043,60
normal,7,7.579182131693399,922790103,60
normal,5,7.788906690875659,922790163,60
normal,5,7.230688219990358,922790223,60
normal,6,6.577611950998471,922790283,60
normal,3,6.2425934419252584,922790343,60
normal,5,5.205093924956903,922790403,60
normal,5,4.9217252683863695,922790463,60
normal,9,4.817179560303943,922790523,60
normal,5,5.917901755997066,922790583,60
normal,5,5.862397442109203,922790643,60
normal,6,5.720942695923317,922790703,60
normal,5,5.795905010712374,922790763,60
normal,5,5.567436725477336,922790823,60
normal,5,5.360062191744941,922790883,60
normal,7,5.203592986083268,922790943,60
normal,5,5.64886230966586,922791003,60
normal,5,5.537049007997255,922791063,60
normal,5,5.410339622390777,922791123,60
normal,5,5.280350692339528,922791183,60
normal,5,5.166227581430392,922791243,60
normal,4,5.082717223920531,922791303,60
normal,5,4.759839289033372,922791363,60
normal,5,4.764027020396787,922791423,60
normal,5,4.805273114397455,922791483,60
normal,5,4.862501479694224,922791543,60
